672
1
432 934
710 612
788 758
974 155
916 257
773 188
824 534
490 716
248 405
337 631
999 102
684 138
632 128
288 234
395 59
673 715
143 26
635 529
759 996
428 46
608 88
589 55
353 365
324 97
681 511
455 424
191 545
399 879
945 657
64 664
586 126
585 695
494 735
979 447
363 717
562 44
104 51
892 403
525 770
946 182
82 885
172 705
246 961
306 620
394 8
304 27
343 553
53 244
957 67
285 929
753 991
763 995
828 280
215 686
720 566
990 873
487 458
897 414
980 85
350 344
401 153
226 833
105 91
40 392
579 169
57 912
675 670
762 528
52 856
383 469
190 385
769 199
427 224
449 484
573 413
221 977
355 231
622 146
580 947
76 108
161 625
805 318
407 937
862 297
131 818
928 12
65 711
628 227
630 825
382 204
459 262
95 661
336 872
749 721
418 372
595 583
834 129
607 151
662 386
482 817
185 345
806 133
564 359
902 876
578 117
464 949
794 513
941 911
841 134
973 808
866 993
542 544
80 157
198 846
558 740
160 273
417 636
496 54
548 774
697 339
683 415
290 99
474 93
30 195
918 861
603 238
152 390
264 495
600 165
32 726
676 492
371 408
898 765
927 840
666 930
582 327
116 49
816 643
752 760
659 501
83
619 249
750 310
587 512
253 175
634 330
68 956
478 894
577 518
637 341
461 796
207 409
853 236
967 307
783 72
660 388
84 984
454 150
838 475
510 115
568 180
942
398 69
466 709
968 814
936
123 18
322 295
86 498
552 988
444 243
237 624
798 618
901 910
633 101
291 163
883 118
338 903
868 171
572 797
66 915
598 47
699 147
909 437
904 960
445 71
685 158
465 751
517 982
789 124
527 481
590 452
737 289
832 524
698 920
700 15
601 2
119 871
793 438
422 162
156 183
375 891
701 470
503 137
940 535
668 563
6 617
37 881
250 858
547 200
36 837
426 800
985 206
781 801
187
476 366
331 434
266 173
651 373
419 168
609 847
932 263
271 443
835 270
571 410
0 943
218 61
241
965 952
259 537
665 114
509
557
523 252
79 543
629
958 144
703 813
384 795
826
214 857
321 522
599 10
782 919
223 810
653 256
130 368
731 581
96 20
269 953
369
696 94
714 31
663
882 674
23
567
596
251
615 471
335 376
4
402 744
313
472
261
884 981
460
35
358
233
25
602
28
120
638
325
644
309
536
34
275
70
154
483
109
820
181
22
775
441
58 242
113
287
211
38
203
21
860
5
652
645
149
532
499
723
627
849
964
605
41
433
689 521
347
98
140
11
298
19
391
908
712
431
13
606
230
497
3
387
17
7
286
78
442
29
39
81
450
228
87
561
272
301
488
736
316
889
923
323
135
16
62
576
229
14
43
48
688
92
260
24
125
951
570
77
100
74
112
111
423
756
899
239
9
60
197
654
549
177
145
768
89
300
393
225
179
194
467
815
254
196
436
584
412
56
189
724
201
121
136
166
296
479
50
75
616
755
184
178
279
704
174
127
217
550
139
802
575
970
90
314
235
519
45
209
777
148
245
210
406
446
924
219
278
299
103
294
141
994
193
159
370
404
546
132
176
614
284
42
276
186
352
761
998
997
367
302
505
63
411
192
292
648
702
348
439
170
746
106
202
468
216
560
771
220
745
451
803
312
283
732
504
329
972
110
293
400
232
247
255
855
122
508
539
258
107
212
315
332
416
888
706
836
277
361
778
340
349
281
320
913
389
240
268
435
677
164
311
319
333
430
507
142
328
671
776
267
457
463
727
613
73
743
364
473
360
334
356
933
305
421
357
317
486
682
274
377
346
378
594
830
502
623
397
950
381
848
531
559
477
33
597
213
222
514
869
453
799
167
208
852
480
604
713
526
939
303
282
456
554
500
647
440
719
962
265
516
205
374
425
342
362
733
515
569
650
396
448
533
728
925
592
540
555
541
551
493
890
588
520
867
767
489
641
992
506
429
326
667
658
485
921
809
351
491
626
893
530
380
687
379
679
819
708
886
420
811
669
865
729
812
887
680
642
538
640
718
354
850
591
556
742
565
649
655
821
574
807
722
978
739
692
611
741
462
707
738
786
672
730
308
